We are given (12345) (2354)
There is no relation between the two permutations.
The group G = [(1),(12)(35),(12345),(1243),(1254),(13)(45),(1325),(1342),(13524),(14)(23),(14253),(1435),(1452),(15)(24),(1523),(1534),(15432),(2354),(2453),(25)(34)]
G has 20 elements
We will list all the subgroups of G generated by <= 3 elements in G
[(1)]
[(1),(12)(35)]
[(1),(12)(35),(12345),(1243),(1254),(13)(45),(1325),(1342),(13524),(14)(23),(14253),(1435),(1452),(15)(24),(1523),(1534),(15432),(2354),(2453),(25)(34)]
[(1),(12)(35),(12345),(13)(45),(13524),(14)(23),(14253),(15)(24),(15432),(25)(34)]
[(1),(12)(35),(1325),(1523)]
[(1),(12345),(13524),(14253),(15432)]
[(1),(1243),(1342),(14)(23)]
[(1),(1254),(1452),(15)(24)]
[(1),(13)(45)]
[(1),(13)(45),(1435),(1534)]
[(1),(14)(23)]
[(1),(15)(24)]
[(1),(2354),(2453),(25)(34)]
[(1),(25)(34)]
